game:GetService("StarterGui"):SetCore("SendNotification", { 
	Title = "Melon's (FE) Scripts";
	Text = "Loading, enjoy!";
	Icon = "rbxthumb://type=Asset&id=7969699183&w=150&h=150"})
Duration = 16;
HumanDied = false
local CountSCIFIMOVIELOL = 1
function SCIFIMOVIELOL(Part0,Part1,Position,Angle)
	local AlignPos = Instance.new('AlignPosition', Part1); AlignPos.Name = "AliP_"..CountSCIFIMOVIELOL
	AlignPos.ApplyAtCenterOfMass = true;
	AlignPos.MaxForce = 5772000--67752;
	AlignPos.MaxVelocity = math.huge/9e110;
	AlignPos.ReactionForceEnabled = false;
	AlignPos.Responsiveness = 200;
	AlignPos.RigidityEnabled = false;
	local AlignOri = Instance.new('AlignOrientation', Part1); AlignOri.Name = "AliO_"..CountSCIFIMOVIELOL
	AlignOri.MaxAngularVelocity = math.huge/9e110;
	AlignOri.MaxTorque = 5772000
	AlignOri.PrimaryAxisOnly = false;
	AlignOri.ReactionTorqueEnabled = false;
	AlignOri.Responsiveness = 200;
	AlignOri.RigidityEnabled = false;
	local AttachmentA=Instance.new('Attachment',Part1); AttachmentA.Name = "Ath_"..CountSCIFIMOVIELOL
	local AttachmentB=Instance.new('Attachment',Part0); AttachmentB.Name = "Ath_"..CountSCIFIMOVIELOL
	AttachmentA.Orientation = Angle or Vector3.new(0,0,0)
	AttachmentA.Position = Position or Vector3.new(0,0,0)
	AlignPos.Attachment1 = AttachmentA;
	AlignPos.Attachment0 = AttachmentB;
	AlignOri.Attachment1 = AttachmentA;
	AlignOri.Attachment0 = AttachmentB;
	CountSCIFIMOVIELOL = CountSCIFIMOVIELOL + 1
	return {AlignPos,AlignOri,AttachmentA,AttachmentB}
end

if _G.netted ~= true then
	_G.netted = true
	coroutine.wrap(function()
		settings().Physics.PhysicsEnvironmentalThrottle = Enum.EnviromentalPhysicsThrottle.Disabled
		settings().Physics.AllowSleep = false
		game:GetService("RunService").RenderStepped:Connect(function()
			game:FindFirstChildOfClass("Players").LocalPlayer.MaximumSimulationRadius=math.pow(math.huge,math.huge)
			sethiddenproperty(game:FindFirstChildOfClass("Players").LocalPlayer,"SimulationRadius",math.huge*math.huge)
		end)
	end)()
end

game:FindFirstChildOfClass("Players").LocalPlayer["Character"].Archivable = true
local hatnameclone = {}
for _,v in next, game:FindFirstChildOfClass("Players").LocalPlayer["Character"]:GetChildren() do
	if v:IsA("Accessory") then
		if hatnameclone[v.Name] then
			if hatnameclone[v.Name] == "s" then
				hatnameclone[v.Name] = {}
			end
			table.insert(hatnameclone[v.Name],v)
		else
			hatnameclone[v.Name] = "s"
		end
	end
end
for _,v in pairs(hatnameclone) do
	if type(v) == "table" then
		local num = 1
		for _,w in pairs(v) do
			w.Name = w.Name..num
			num = num + 1
		end
	end
end
hatnameclone = nil

local DeadChar = game:FindFirstChildOfClass("Players").LocalPlayer.Character

local fldr = Instance.new("Folder",game:FindFirstChildOfClass("Players").LocalPlayer["Character"])
fldr.Name = "DMYF"
local CloneChar = DeadChar:Clone()
local ANIMATIONHERE
if CloneChar:FindFirstChild("Animate") then
	ANIMATIONHERE = CloneChar:FindFirstChild("Animate"):Clone()
	CloneChar:FindFirstChild("Animate"):Destroy()
end
if CloneChar:FindFirstChildOfClass("Folder") then CloneChar:FindFirstChildOfClass("Folder"):Destroy() end
if CloneChar.Torso:FindFirstChild("Neck") then
	local Clonessss = CloneChar.Torso:FindFirstChild("Neck"):Clone()
	Clonessss.Part0 = nil
	Clonessss.Part1 = DeadChar.Head
	Clonessss.Parent = DeadChar.Torso
end
CloneChar.Parent = fldr
CloneChar.HumanoidRootPart.CFrame = DeadChar.HumanoidRootPart.CFrame
CloneChar.Humanoid.BreakJointsOnDeath = false
CloneChar.Name = "non"
CloneChar.Humanoid.DisplayDistanceType = "None"

for _,v in next, DeadChar:GetChildren() do
	if v:IsA("Accessory") then
		local topacc = false
		if v.Handle:FindFirstChildOfClass("Weld") then v.Handle:FindFirstChildOfClass("Weld"):Destroy() end
		v.Handle.Massless = true
		v.Handle.CanCollide = false
		if v.Handle:FindFirstChildOfClass("Attachment") then
			local ath__ = v.Handle:FindFirstChildOfClass("Attachment")
			if ath__.Name == "HatAttachment" or ath__.Name == "HairAttachment" or ath__.Name == "FaceFrontAttachment" or ath__.Name == "FaceCenterAttachment" then
				topacc = ath__.Name
			end
		end
        local bv = Instance.new("BodyVelocity",v.Handle)
		bv.Velocity = Vector3.new(0,0,0)
		coroutine.wrap(function()
			if topacc then
				local allthings = SCIFIMOVIELOL(v.Handle,DeadChar.Torso,Vector3.new(0,1.5,0)+ (DeadChar.Head[topacc].Position + (v.Handle[topacc].Position*-1)),Vector3.new(0,0,0))
				local normaltop = allthings[1].Attachment1
				local alipos = allthings[1]
				local alirot = allthings[2]
				local p0 = v.Handle
				local p1 = DeadChar.Head
				alipos.Parent = CloneChar:FindFirstChild(v.Name).Handle
				alirot.Parent = CloneChar:FindFirstChild(v.Name).Handle
				while true do
					game:GetService("RunService").RenderStepped:wait()
					if HumanDied then break end
					coroutine.wrap(function()
						if alipos.Attachment1 == normaltop then
							p0.CFrame = p0.CFrame:lerp((((DeadChar.Torso.CFrame * CFrame.new(0,1.5,0)) * p1[topacc].CFrame) * p0[topacc].CFrame:inverse()),1)
						else
							v.Handle.CFrame = v.Handle.CFrame:lerp(alipos.Attachment1.Parent.CFrame * CFrame.new(alipos.Attachment1.Position) * CFrame.Angles(math.rad(alipos.Attachment1.Rotation.X),math.rad(alipos.Attachment1.Rotation.Y),math.rad(alipos.Attachment1.Rotation.Z)),1)
						end
					end)()
				end
			else
				SCIFIMOVIELOL(v.Handle,CloneChar[v.Name].Handle,Vector3.new(0,0,0),Vector3.new(0,0,0))
			end
		end)()
    end
end

local a = DeadChar.Torso
local b = DeadChar.HumanoidRootPart
local c = DeadChar.Humanoid
a.Parent = game:FindFirstChildOfClass("Workspace")
c.Parent = game:FindFirstChildOfClass("Workspace")
local told = a:Clone()
local told1 = c:Clone()
b["RootJoint"].Part0 = told
b["RootJoint"].Part1 = DeadChar.Head
a.Name = "torso"
a.Neck:Destroy()
c.Name = "Cloned Avatar"
told.Parent = DeadChar
told1.Parent = DeadChar
DeadChar.PrimaryPart = told
told1.Health = 0
b:Destroy()
a.Parent = DeadChar
c.Parent = DeadChar
told:Destroy()
told1:Destroy()
a.Name = "Torso"

if CloneChar.Head:FindFirstChildOfClass("Decal") then CloneChar.Head:FindFirstChildOfClass("Decal").Transparency = 1 end
if DeadChar:FindFirstChild("Animate") then DeadChar:FindFirstChild("Animate"):Destroy() end

local Collider
function UnCollide()
    if HumanDied then Collider:Disconnect(); return end
    --[[for _,Parts in next, CloneChar:GetChildren() do
        if Parts:IsA("BasePart") then
            Parts.CanCollide = false 
        end 
    end]]
    for _,Parts in next, DeadChar:GetChildren() do
        if Parts:IsA("BasePart") then
        Parts.CanCollide = false
        end 
    end 
end
Collider = game:GetService("RunService").Stepped:Connect(UnCollide)

local resetBindable = Instance.new("BindableEvent")
resetBindable.Event:connect(function()
    game:GetService("StarterGui"):SetCore("ResetButtonCallback", true)
	resetBindable:Destroy()
	HumanDied = true
    pcall(function()
		game:FindFirstChildOfClass("Players").LocalPlayer.Character = DeadChar
		DeadChar.Head:Destroy()
		DeadChar:FindFirstChildOfClass("Humanoid"):Destroy()
		game:FindFirstChildOfClass("Players").LocalPlayer.Character = CloneChar
		if DeadChar:FindFirstChildOfClass("Folder") then DeadChar:FindFirstChildOfClass("Folder"):Destroy() end
	end)
end)
game:GetService("StarterGui"):SetCore("ResetButtonCallback", resetBindable)

coroutine.wrap(function()
    while true do
        game:GetService("RunService").RenderStepped:wait()
        if not CloneChar or not CloneChar:FindFirstChild("Head") or not CloneChar:FindFirstChildOfClass("Humanoid") or CloneChar:FindFirstChildOfClass("Humanoid").Health <= 0 and not DeadChar or not DeadChar:FindFirstChild("Head") or not DeadChar:FindFirstChildOfClass("Humanoid") or DeadChar:FindFirstChildOfClass("Humanoid").Health <= 0 then 
            HumanDied = true
            pcall(function()
				game:FindFirstChildOfClass("Players").LocalPlayer.Character = DeadChar
				DeadChar.Head:Destroy()
				DeadChar:FindFirstChildOfClass("Humanoid"):Destroy()
				game:FindFirstChildOfClass("Players").LocalPlayer.Character = CloneChar
				if DeadChar:FindFirstChildOfClass("Folder") then DeadChar:FindFirstChildOfClass("Folder"):Destroy() end
			end)
            if resetBindable then
                game:GetService("StarterGui"):SetCore("ResetButtonCallback", true)
                resetBindable:Destroy()
            end
            break
        end		
    end
end)()


SCIFIMOVIELOL(DeadChar["Head"],CloneChar["Head"])
SCIFIMOVIELOL(DeadChar["Torso"],CloneChar["Torso"])
SCIFIMOVIELOL(DeadChar["Left Arm"],CloneChar["Left Arm"])
SCIFIMOVIELOL(DeadChar["Right Arm"],CloneChar["Right Arm"])
SCIFIMOVIELOL(DeadChar["Left Leg"],CloneChar["Left Leg"])
SCIFIMOVIELOL(DeadChar["Right Leg"],CloneChar["Right Leg"])

for _,v in pairs(DeadChar:GetChildren()) do
	if v:IsA("BasePart") and v.Name ~= "Head" then
		--[[local bv = Instance.new("BodyVelocity",v)
		bv.Velocity = Vector3.new(0,0,0)
		coroutine.wrap(function()
			while true do
				game:GetService("RunService").RenderStepped:wait()
				if HumanDied then break end
				v.CFrame = CloneChar[v.Name].CFrame
			end
		end)()]]
	elseif v:IsA("BasePart") and v.Name == "Head" then
		local bv = Instance.new("BodyVelocity",v)
		bv.Velocity = Vector3.new(0,0,0)
		coroutine.wrap(function()
			while true do
				game:GetService("RunService").RenderStepped:wait()
				if HumanDied then break end
				v.CFrame = DeadChar.Torso.CFrame * CFrame.new(0,1.5,0)
			end
		end)()
	end
end

for _,BodyParts in next, CloneChar:GetDescendants() do
if BodyParts:IsA("BasePart") or BodyParts:IsA("Part") then
BodyParts.Transparency = 1 end end
game:GetService("RunService").RenderStepped:wait()
game:FindFirstChildOfClass("Players").LocalPlayer.Character = CloneChar
game:FindFirstChildOfClass("Workspace"):FindFirstChildOfClass("Camera").CameraSubject = CloneChar.Humanoid

for _,v in next, DeadChar:GetChildren() do
	if v:IsA("Accessory") then
		if v.Handle:FindFirstChildOfClass("Weld") then v.Handle:FindFirstChildOfClass("Weld"):Destroy() end
	end
end

if ANIMATIONHERE then ANIMATIONHERE.Parent = CloneChar end


-- I leaked this because Noki sold it without permission.

-- Created by Nebula_Zorua --
-- Noki's Custom (Preech) --
-- yeet he paid me $7 --
-- Not like that matters anymore, of course. --
-- Discord: Nebula the Zorua#6969
-- Youtube: https://www.youtube.com/channel/UCo9oU9dCw8jnuVLuy4_SATA


local S = setmetatable({},{__index = function(s,i) return game:service(i) end})

local plr = S.Players.LocalPlayer
local char = plr.Character
local hum = char.Humanoid
local rarm = char["Right Arm"]
local larm= char["Left Arm"]
local rleg= char["Right Leg"]
local lleg = char["Left Leg"]	
local root = char:FindFirstChild'HumanoidRootPart'
local torso = char.Torso
local head = char.Head
local sine = 0;
local combo = 1;
local lastClick = time()
local change = 1;
local runService = S.RunService
local mouse = plr:GetMouse()
local Attack = false
local neutralAnims = true
local PaintBody = "Really black"
local PlayerSize = 2.5
local Debounces = {Debounces={}}
local Hit = {}
local BloodPuddles = {}
local Teamed = {}
local WalkSpeed = 8
local Puddle = nil;
local Alpha = 0.3
function Debounces:New(name,cooldown)
	local aaaaa = {Usable=true,Cooldown=cooldown or 2,CoolingDown=false,LastUse=0}
	setmetatable(aaaaa,{__index = Debounces})
	Debounces.Debounces[name] = aaaaa
	return aaaaa
end

function Debounces:Use(overrideUsable)
	assert(self.Usable ~= nil and self.LastUse ~= nil and self.CoolingDown ~= nil,"Expected ':' not '.' calling member function Use")
	if(self.Usable or overrideUsable)then
		self.Usable = false
		self.CoolingDown = true
		local LastUse = time()
		self.LastUse = LastUse
		delay(self.Cooldown or 2,function()
			if(self.LastUse == LastUse)then
				self.CoolingDown = false
				self.Usable = true
			end
		end)
	end
end

function Debounces:Get(name)
	assert(typeof(name) == 'string',("bad argument #1 to 'get' (string expected, got %s)"):format(typeof(name) == nil and "no value" or typeof(name)))
	for i,v in next, Debounces.Debounces do
		if(i == name)then
			return v;
		end
	end
end

function Debounces:GetProgressPercentage()
	assert(self.Usable ~= nil and self.LastUse ~= nil and self.CoolingDown ~= nil,"Expected ':' not '.' calling member function Use")
	if(self.CoolingDown and not self.Usable)then
		return math.max(
			math.floor(
				(
					(time()-self.LastUse)/self.Cooldown or 2
				)*100
			)
		)
	else
		return 100
	end
end

local CF = {N=CFrame.new,A=CFrame.Angles,fEA=CFrame.fromEulerAnglesXYZ}
local V3 = {N=Vector3.new}
local M = {C=math.cos,R=math.rad,S=math.sin,P=math.pi,RNG=math.random,MRS=math.randomseed,H=math.huge}

local Effects,Sounds = {},{};
--Stop animations
for _,v in next, hum:GetPlayingAnimationTracks() do
	v:Stop();
end

pcall(game.Destroy,char:FindFirstChild'Animate')
pcall(game.Destroy,hum:FindFirstChild'Animator')

-- Sounds
Sounds['Wet'] = {Id=256738023,Loop=false,Pitch=1}
Sounds['Swoosh1'] = {Id=320557353,Loop=false,Pitch=1,Volume=6}
Sounds['Swoosh2'] = {Id=320557382,Loop=false,Pitch=1,Volume=6}
Sounds['Swoosh3'] = {Id=320557413,Loop=false,Pitch=1,Volume=6}
Sounds['Swoosh4'] = {Id=320557453,Loop=false,Pitch=1,Volume=6}
Sounds['Swoosh5'] = {Id=320557487,Loop=false,Pitch=1,Volume=6}
Sounds['Swoosh6'] = {Id=320557537,Loop=false,Pitch=1,Volume=6}
Sounds['Swoosh7'] = {Id=320557563,Loop=false,Pitch=1,Volume=6}
Sounds['Swoosh8'] = {Id=320557518,Loop=false,Pitch=1,Volume=6}
Sounds['SmallBoom'] = {Id=341336485,Loop=false,Volume=5,Pitch=1}
Sounds['ChaosBuster'] = {Id=333534812,Loop=false,Volume=5,Pitch=0.75}
Sounds['Magic'] = {Id=315743350,Loop=false,Volume=5,Pitch=1}
Sounds['ShrekRemix'] = {Id=163306929,Loop=true,Pitch=1,Volume = 4}
Sounds['CreoDimension'] = {Id=927529620,Loop=true,Pitch=1,Volume=4}
Sounds['BlackBlizzard'] = {Id=657626121,Loop=true,Pitch=1,Volume=4}
Sounds['ColbreakzFantasy'] = {Id=876981900,Loop=true,Pitch=1,Volume=4}
Sounds['NeflCrystals'] = {Id=340106355,Loop=true,Pitch=1,Volume=4}
Sounds['EvilMortyRemix'] = {Id=1057401232,Loop=true,Pitch=1,Volume=10}
Sounds['Creep'] = {Id=421358540, Loop=true,Pitch=1,Volume=5}
-- Functions
local NewInstance = function(instance,parent,properties)
	local inst = Instance.new(instance)
	if(properties)then
		for i,v in next, properties do
			pcall(function() inst[i] = v end)
		end
	end
	inst.Parent = parent
	return inst;
end


ArtificialHB = NewInstance("BindableEvent", script,{
	Parent = script,
	Name = "Heartbeat",
})

script:WaitForChild("Heartbeat")

frame = 1 / 60
tf = 0
allowframeloss = false
tossremainder = false
lastframe = tick()
script.Heartbeat:Fire()

game:GetService("RunService").Heartbeat:connect(function(s, p)
	tf = tf + s
	if tf >= frame then
		if allowframeloss then
			script.Heartbeat:Fire()
			lastframe = tick()
		else
			for i = 1, math.floor(tf / frame) do
				script.Heartbeat:Fire()
			end
			lastframe = tick()
		end
		if tossremainder then
			tf = 0
		else
			tf = tf - frame * math.floor(tf / frame)
		end
	end
end)

function swait(num)
	if num == 0 or num == nil then
		ArtificialHB.Event:wait()
	else
		for i = 0, num do
			ArtificialHB.Event:wait()
		end
	end
end


function clerp(startCF,endCF,alpha)
	return startCF:lerp(endCF, alpha)
end
local sndFromData = function(data,parent)
	assert(typeof(data) == 'table',"sndFromData's first argument must be a table!")
	local snd = NewInstance("Sound",parent or char,{SoundId = "rbxassetid://"..data.Id,Looped=data.Loop or false,Pitch = data.Pitch or 1,Volume = data.Volume or 1})
	if(not snd.Looped)then
		snd.Ended:connect(function()
			snd:Stop()
			snd:destroy()
		end)
	end
	return snd;
end
local FX = function(ID,vol,pitch,parent)
	return coroutine.wrap(function()
		local snd = NewInstance("Sound",parent or torso, {Pitch=pitch or 1, Volume = vol or 1,SoundId = "rbxassetid://"..ID})
		snd:Play()
		
		delay(snd.TimeLength+2,function()
			snd:Stop()
			snd:Destroy()
		end)
		return snd
	end)()
end
function ClearChildrenWithClass(where,class,recursive)
	local children = (recursive and where:GetDescendants() or where:GetChildren())
	for _,v in next, children do
		if(v:IsA(class))then
			v:destroy()
		end
	end
end

function UnbindLoops()
	pcall(runService.UnbindFromRenderStep,runService,"N_Effects")
	pcall(runService.UnbindFromRenderStep,runService,"N_Animations")
end;

UnbindLoops() -- Just so if the loops already exist from previously running a script using this template, there's no errors

-- Joints, etc
char:WaitForChild'Body Colors':destroy()
swait(30)
for _,v in next, char:children() do
	if(v:IsA'BasePart')then
		v.Color = Color3.new(0,0,0)
	end
end
ClearChildrenWithClass(char,"Clothing")
ClearChildrenWithClass(char,"Decal",true)
if(PlayerSize ~= 1)then
	for _,v in next, char:GetDescendants() do
		if(v:IsA'BasePart' and v ~= head)then
			v.Size = v.Size + V3.N(0,PlayerSize,0)
		end
	end
end


-- Model

local Music = sndFromData(Sounds.Creep,torso) -- incase u want music
Music.MaxDistance = 150
Music:Play()

New = function(Object, Parent, Name, Data)
	local Object = Instance.new(Object)
	for Index, Value in pairs(Data or {}) do
		Object[Index] = Value
	end
	Object.Parent = Parent
	Object.Name = Name
	return Object
end
	

RightHand = New("Model",char,"RightHand",{})
RightThumb3 = New("Part",RightHand,"RightThumb3",{BrickColor = BrickColor.new("Institutional white"),Size = Vector3.new(0.506300628, 0.122097097, 0.0965319052),CFrame = CFrame.new(-2.88806152, 3.8542099, 4JUdGzvrMFDWrUUwY3toJATSeNwjn54LkCnKBPRzDuhzi5vSepHfUckJNxRL2gjkNrSqtCoRUrEDAgRwsQvVCjZbRyFTLRNyDmT1a1boZV219260782, 0.925572097),BottomSurface = Enum.SurfaceType.Smooth,TopSurface = Enum.SurfaceType.Smooth,Color = Color3.new(0,0,0),})
Mesh = New("SpecialMesh",RightThumb3,"Mesh",{MeshType = Enum.MeshType.Sphere,})
RT3 = New("Motor",RightThumb3,"RT3",{Part0 = RightThumb3,Part1 = rarm,C0 = CFrame.new(0, 0, 0, -0.556202769, -0.77162528, 0.3085953, 0.830965281, -0.511289954, 0.219261378, -0.0114059523, 0.37838766, 0.925574541),C1 = CFrame.new(-0.0785162449, -2.89579725, 0.67080307, 0.999933541, -3.70949382e-11, 0.011412913, 3.63313581e-11, 1, 6.71462261e-11, -0.011412913, -6.67270544e-11, 0.999933541),})
RightThumb1 = New("Part",RightHand,"RightThumb1",{BrickColor = BrickColor.new("Institutional white"),Size = Vector3.new(0.691401064, 0.182097122, 0.146531895),CFrame = CFrame.new(-2.74397039, 4.38701391, 4JUdGzvrMFDWrUUwY3toJATSeNwjn54LkCnKBPRzDuhzi5vSepHfUckJNxRL2gjkNrSqtCoRUrEDAgRwsQvVCjZbRyFTLRNyDmT1a1boZV378415048, 0.0105611067, 0.925570071),BottomSurface = Enum.SurfaceType.Smooth,TopSurface = Enum.SurfaceType.Smooth,Color = Color3.new(0,0,0),})
Mesh = New("SpecialMesh",RightThumb1,"Mesh",{MeshType = Enum.MeshType.Sphere,})
RT1 = New("Motor",RightThumb1,"RT1",{Part0 = RightThumb1,Part1 = rarm,C0 = CFrame.new(0, 0, 0, 4.65661287e-10, -0.925635219, 0.378416061, 0.999932289, 0.00431760168, 0.0105611347, -0.0114096077, 0.378392458, 0.925572515),C1 = CFrame.new(0.0632407665, -2.36299324, 0.4JUdGzvrMFDWrUUwY3toJATSeNwjn54LkCnKBPRzDuhzi5vSepHfUckJNxRL2gjkNrSqtCoRUrEDAgRwsQvVCjZbRyFTLRNyDmT1a1boZV67270544e-11, 0.999933541),})
RightThumb2 = New("Part",RightHand,"RightThumb2",{BrickColor = BrickColor.new("Institutional white"),Size = Vector3.new(0.506300628, 0.182097122, 0.146531895),CFrame = CFrame.new(-2.78564548, 4.1021471, 4JUdGzvrMFDWrUUwY3toJATSeNwjn54LkCnKBPRzDuhzi5vSepHfUckJNxRL2gjkNrSqtCoRUrEDAgRwsQvVCjZbRyFTLRNyDmT1a1boZV110564254, 0.925571144),BottomSurface = Enum.SurfaceType.Smooth,TopSurface = Enum.SurfaceType.Smooth,Color = Color3.new(0,0,0),})
Mesh = New("SpecialMesh",RightThumb2,"Mesh",{MeshType = Enum.MeshType.Sphere,})
RT2 = New("Motor",RightThumb2,"RT2",{Part0 = RightThumb2,Part1 = rarm,C0 = CFrame.new(0, 0, 0, -0.265261322, -0.893617094, 0.362055063, 0.964106381, -0.241390631, 0.110564545, -0.011405671, 0.378390133, 0.925573587),C1 = CFrame.new(0.0228948593, -2.64786005, 0.58215332, 0.999933541, -3.70949382e-11, 0.011412913, 3.63313581e-11, 1, 6.71462261e-11, -0.011412913, -6.67270544e-11, 0.999933541),})
RightRing1 = New("Part",RightHand,"RightRing1",{BrickColor = BrickColor.new("Institutional white"),Size = Vector3.new(0.903318703, 0.237910748, 0.191444606),CFrame = CFrame.new(-2.70223427, 4.4JUdGzvrMFDWrUUwY3toJATSeNwjn54LkCnKBPRzDuhzi5vSepHfUckJNxRL2gjkNrSqtCoRUrEDAgRwsQvVCjZbRyFTLRNyDmT1a1boZV85722573e-16, 0.01140894, 0.999929726),BottomSurface = Enum.SurfaceType.Smooth,TopSurface = Enum.SurfaceType.Smooth,Color = Color3.new(0,0,0),})
Mesh = New("SpecialMesh",RightRing1,"Mesh",{MeshType = Enum.MeshType.Sphere,})
RR1 = New("Motor",RightRing1,"RR1",{Part0 = RightRing1,Part1 = rarm,C0 = CFrame.new(0, 0, 0, -4.36662425e-16, -1, -2.4JUdGzvrMFDWrUUwY3toJATSeNwjn54LkCnKBPRzDuhzi5vSepHfUckJNxRL2gjkNrSqtCoRUrEDAgRwsQvVCjZbRyFTLRNyDmT1a1boZVCFrame.new(0.0978963375, -2.32390738, -0.155139923, 0.999933541, -3.70949382e-11, 0.011412913, 3.63313581e-11, 1, 6.71462261e-11, -0.011412913, -6.67270544e-11, 0.999933541),})
RightRing2 = New("Part",RightHand,"RightRing2",{BrickColor = BrickColor.new("Institutional white"),Size = Vector3.new(0.661484122, 0.237910748, 0.191444606),CFrame = CFrame.new(-2.75668097, 4.02412987, 39.6369858, -0.265260428, 0.964103818, -0.0114074284, -0.964171648, -0.265279233, -2.93453445e-06, -0.00302898232, 0.0109979399, 0.999929607),BottomSurface = Enum.SurfaceType.Smooth,TopSurface = Enum.SurfaceType.Smooth,Color = Color3.new(0,0,0),})
Mesh = New("SpecialMesh",RightRing2,"Mesh",{MeshType = Enum.MeshType.Sphere,})
RR2 = New("Motor",RightRing2,"RR2",{Part0 = RightRing2,Part1 = rarm,C0 = CFrame.new(0, 0, 0, -0.265261173, -0.964171648, -0.0030289907, 0.964106381, -0.265279233, 0.0109979697, -0.0114074592, -2.93453445e-06, 0.999932289),C1 = CFrame.new(0.0434498787, -2.72587729, -0.154800415, 0.999933541, -3.70949382e-11, 0.011412913, 3.63313581e-11, 1, 6.71462261e-11, -0.011412913, -6.67270544e-11, 0.999933541),})
RightRing3 = New("Part",RightHand,"RightRing3",{BrickColor = BrickColor.new("Institutional white"),Size = Vector3.new(0.661484122, 0.187910721, 0.121444605),CFrame = CFrame.new(-2.9025352, 3.68893909, 39.6421776, -0.556200862, 0.830963194, -0.0114040468, -0.831021726, -0.556240082, -5.50785398e-06, -0.00634796359, 0.00947394595, 0.999929726),BottomSurface = Enum.SurfaceType.Smooth,TopSurface = Enum.SurfaceType.Smooth,Color = Color3.new(0,0,0),})
Mesh = New("SpecialMesh",RightRing3,"Mesh",{MeshType = Enum.MeshType.Sphere,})
RR3 = New("Motor",RightRing3,"RR3",{Part0 = RightRing3,Part1 = rarm,C0 = CFrame.new(0, 0, 0, -0.556202352, -0.831021726, -0.00634798082, 0.830965459, -0.556240082, 0.00947397202, -0.0114040766, -5.50785398e-06, 0.999932349),C1 = CFrame.new(-0.102335691, -3.06106806, -0.147941589, 0.999933541, -3.70949382e-11, 0.011412913, 3.63313581e-11, 1, 6.71462261e-11, -0.011412913, -6.67270544e-11, 0.999933541),})
RightSmall3 = New("Part",RightHand,"RightSmall3",{BrickColor = BrickColor.new("Institutional white"),Size = Vector3.new(0.4JUdGzvrMFDWrUUwY3toJATSeNwjn54LkCnKBPRzDuhzi5vSepHfUckJNxRL2gjkNrSqtCoRUrEDAgRwsQvVCjZbRyFTLRNyDmT1a1boZV830963194, -0.0114040468, -0.831021726, -0.556240082, -5.50785398e-06, -0.00634796359, 0.00947394595, 0.999929726),BottomSurface = Enum.SurfaceType.Smooth,TopSurface = Enum.SurfaceType.Smooth,Color = Color3.new(0,0,0),})
Mesh = New("SpecialMesh",RightSmall3,"Mesh",{MeshType = Enum.MeshType.Sphere,})
RS3 = New("Motor",RightSmall3,"RS3",{Part0 = RightSmall3,Part1 = rarm,C0 = CFrame.new(0, 0, 0, -0.556202352, -0.831021726, -0.00634798082, 0.830965459, -0.556240082, 0.00947397202, -0.0114040766, -5.50785398e-06, 0.999932349),C1 = CFrame.new(-0.0942525864, -2.88118625, -0.4JUdGzvrMFDWrUUwY3toJATSeNwjn54LkCnKBPRzDuhzi5vSepHfUckJNxRL2gjkNrSqtCoRUrEDAgRwsQvVCjZbRyFTLRNyDmT1a1boZV67270544e-11, 0.999933541),})
RightSmall2 = New("Part",RightHand,"RightSmall2",{BrickColor = BrickColor.new("Institutional white"),Size = Vector3.new(0.4JUdGzvrMFDWrUUwY3toJATSeNwjn54LkCnKBPRzDuhzi5vSepHfUckJNxRL2gjkNrSqtCoRUrEDAgRwsQvVCjZbRyFTLRNyDmT1a1boZV964103818, -0.0114074284, -0.964171648, -0.265279233, -2.93453445e-06, -0.00302898232, 0.0109979399, 0.999929607),BottomSurface = Enum.SurfaceType.Smooth,TopSurface = Enum.SurfaceType.Smooth,Color = Color3.new(0,0,0),})
Mesh = New("SpecialMesh",RightSmall2,"Mesh",{MeshType = Enum.MeshType.Sphere,})
RS2 = New("Motor",RightSmall2,"RS2",{Part0 = RightSmall2,Part1 = rarm,C0 = CFrame.new(0, 0, 0, -0.265261173, -0.964171648, -0.0030289907, 0.964106381, -0.265279233, 0.0109979697, -0.0114074592, -2.93453445e-06, 0.999932289),C1 = CFrame.new(0.0143530369, -2.63148022, -0.4JUdGzvrMFDWrUUwY3toJATSeNwjn54LkCnKBPRzDuhzi5vSepHfUckJNxRL2gjkNrSqtCoRUrEDAgRwsQvVCjZbRyFTLRNyDmT1a1boZV67270544e-11, 0.999933541),})
RightSmall1 = New("Part",RightHand,"RightSmall1",{BrickColor = BrickColor.new("Institutional white"),Size = Vector3.new(0.672941983, 0.177235484, 0.142619774),CFrame = CFrame.new(-2.74226999, 4.4JUdGzvrMFDWrUUwY3toJATSeNwjn54LkCnKBPRzDuhzi5vSepHfUckJNxRL2gjkNrSqtCoRUrEDAgRwsQvVCjZbRyFTLRNyDmT1a1boZV85722573e-16, 0.01140894, 0.999929726),BottomSurface = Enum.SurfaceType.Smooth,TopSurface = Enum.SurfaceType.Smooth,Color = Color3.new(0,0,0),})
Mesh = New("SpecialMesh",RightSmall1,"Mesh",{MeshType = Enum.MeshType.Sphere,})
RS1 = New("Motor",RightSmall1,"RS1",{Part0 = RightSmall1,Part1 = rarm,C0 = CFrame.new(0, 0, 0, -4.36662425e-16, -1, -2.4JUdGzvrMFDWrUUwY3toJATSeNwjn54LkCnKBPRzDuhzi5vSepHfUckJNxRL2gjkNrSqtCoRUrEDAgRwsQvVCjZbRyFTLRNyDmT1a1boZVCFrame.new(0.0549132824, -2.33202648, -0.4JUdGzvrMFDWrUUwY3toJATSeNwjn54LkCnKBPRzDuhzi5vSepHfUckJNxRL2gjkNrSqtCoRUrEDAgRwsQvVCjZbRyFTLRNyDmT1a1boZV67270544e-11, 0.999933541),})
RightMiddle2 = New("Part",RightHand,"RightMiddle2",{BrickColor = BrickColor.new("Institutional white"),Size = Vector3.new(0.661484122, 0.237910748, 0.191444606),CFrame = CFrame.new(-2.75668097, 4.02412987, 39.8659973, -0.265260428, 0.964103818, -0.0114074284, -0.964171648, -0.265279233, -2.93453445e-06, -0.00302898232, 0.0109979399, 0.999929607),BottomSurface = Enum.SurfaceType.Smooth,TopSurface = Enum.SurfaceType.Smooth,Color = Color3.new(0,0,0),})
Mesh = New("SpecialMesh",RightMiddle2,"Mesh",{MeshType = Enum.MeshType.Sphere,})
RM2 = New("Motor",RightMiddle2,"RM2",{Part0 = RightMiddle2,Part1 = rarm,C0 = CFrame.new(0, 0, 0, -0.265261173, -0.964171648, -0.0030289907, 0.964106381, -0.265279233, 0.0109979697, -0.0114074592, -2.93453445e-06, 0.999932289),C1 = CFrame.new(0.0460636616, -2.72587729, 0.0741958618, 0.999933541, -3.70949382e-11, 0.011412913, 3.63313581e-11, 1, 6.71462261e-11, -0.011412913, -6.67270544e-11, 0.999933541),})
RightMiddle3 = New("Part",RightHand,"RightMiddle3",{BrickColor = BrickColor.new("Institutional white"),Size = Vector3.new(0.661484122, 0.187910721, 0.121444605),CFrame = CFrame.new(-2.9025352, 3.68893909, 39.8711929, -0.556200862, 0.830963194, -0.0114040468, -0.831021726, -0.556240082, -5.50785398e-06, -0.00634796359, 0.00947394595, 0.999929726),BottomSurface = Enum.SurfaceType.Smooth,TopSurface = Enum.SurfaceType.Smooth,Color = Color3.new(0,0,0),})
Mesh = New("SpecialMesh",RightMiddle3,"Mesh",{MeshType = Enum.MeshType.Sphere,})
RM3 = New("Motor",RightMiddle3,"RM3",{Part0 = RightMiddle3,Part1 = rarm,C0 = CFrame.new(0, 0, 0, -0.556202352, -0.831021726, -0.00634798082, 0.830965459, -0.556240082, 0.00947397202, -0.0114040766, -5.50785398e-06, 0.999932349),C1 = CFrame.new(-0.099722147, -3.06106806, 0.0810585022, 0.999933541, -3.70949382e-11, 0.011412913, 3.63313581e-11, 1, 6.71462261e-11, -0.011412913, -6.67270544e-11, 0.999933541),})
RightMiddle1 = New("Part",RightHand,"RightMiddle1",{BrickColor = BrickColor.new("Institutional white"),Size = Vector3.new(0.903318703, 0.237910748, 0.191444606),CFrame = CFrame.new(-2.70223451, 4.4JUdGzvrMFDWrUUwY3toJATSeNwjn54LkCnKBPRzDuhzi5vSepHfUckJNxRL2gjkNrSqtCoRUrEDAgRwsQvVCjZbRyFTLRNyDmT1a1boZV85722573e-16, 0.01140894, 0.999929726),BottomSurface = Enum.SurfaceType.Smooth,TopSurface = Enum.SurfaceType.Smooth,Color = Color3.new(0,0,0),})
Mesh = New("SpecialMesh",RightMiddle1,"Mesh",{MeshType = Enum.MeshType.Sphere,})
RM1 = New("Motor",RightMiddle1,"RM1",{Part0 = RightMiddle1,Part1 = rarm,C0 = CFrame.new(0, 0, 0, -4.36662425e-16, -1, -2.4JUdGzvrMFDWrUUwY3toJATSeNwjn54LkCnKBPRzDuhzi5vSepHfUckJNxRL2gjkNrSqtCoRUrEDAgRwsQvVCjZbRyFTLRNyDmT1a1boZVCFrame.new(0.100509882, -2.32390738, 0.0738601685, 0.999933541, -3.70949382e-11, 0.011412913, 3.63313581e-11, 1, 6.71462261e-11, -0.011412913, -6.67270544e-11, 0.999933541),})
RightPoint2 = New("Part",RightHand,"RightPoint2",{BrickColor = BrickColor.new("Institutional white"),Size = Vector3.new(0.661484122, 0.237910748, 0.191444606),CFrame = CFrame.new(-2.75668097, 4.02412987, 4JUdGzvrMFDWrUUwY3toJATSeNwjn54LkCnKBPRzDuhzi5vSepHfUckJNxRL2gjkNrSqtCoRUrEDAgRwsQvVCjZbRyFTLRNyDmT1a1boZV00302898232, 0.0109979399, 0.999929607),BottomSurface = Enum.SurfaceType.Smooth,TopSurface = Enum.SurfaceType.Smooth,Color = Color3.new(0,0,0),})
Mesh = New("SpecialMesh",RightPoint2,"Mesh",{MeshType = Enum.MeshType.Sphere,})
RP2 = New("Motor",RightPoint2,"RP2",{Part0 = RightPoint2,Part1 = rarm,C0 = CFrame.new(0, 0, 0, -0.265261173, -0.964171648, -0.0030289907, 0.964106381, -0.265279233, 0.0109979697, -0.0114074592, -2.93453445e-06, 0.999932289),C1 = CFrame.new(0.0489501953, -2.72587729, 0.327106476, 0.999933541, -3.70949382e-11, 0.011412913, 3.63313581e-11, 1, 6.71462261e-11, -0.011412913, -6.67270544e-11, 0.999933541),})
RightPoint1 = New("Part",RightHand,"RightPoint1",{BrickColor = BrickColor.new("Institutional white"),Size = Vector3.new(0.903318703, 0.237910748, 0.191444606),CFrame = CFrame.new(-2.70223427, 4.4JUdGzvrMFDWrUUwY3toJATSeNwjn54LkCnKBPRzDuhzi5vSepHfUckJNxRL2gjkNrSqtCoRUrEDAgRwsQvVCjZbRyFTLRNyDmT1a1boZV85722573e-16, 0.01140894, 0.999929726),BottomSurface = Enum.SurfaceType.Smooth,TopSurface = Enum.SurfaceType.Smooth,Color = Color3.new(0,0,0),})
Mesh = New("SpecialMesh",RightPoint1,"Mesh",{MeshType = Enum.MeshType.Sphere,})
RP1 = New("Motor",RightPoint1,"RP1",{Part0 = RightPoint1,Part1 = rarm,C0 = CFrame.new(0, 0, 0, -4.36662425e-16, -1, -2.4JUdGzvrMFDWrUUwY3toJATSeNwjn54LkCnKBPRzDuhzi5vSepHfUckJNxRL2gjkNrSqtCoRUrEDAgRwsQvVCjZbRyFTLRNyDmT1a1boZVCFrame.new(0.103396654, -2.32390738, 0.326766968, 0.999933541, -3.70949382e-11, 0.011412913, 3.63313581e-11, 1, 6.71462261e-11, -0.011412913, -6.67270544e-11, 0.999933541),})
RightPoint3 = New("Part",RightHand,"RightPoint3",{BrickColor = BrickColor.new("Institutional white"),Size = Vector3.new(0.661484122, 0.187910721, 0.121444605),CFrame = CFrame.new(-2.9025352, 3.68893909, 4JUdGzvrMFDWrUUwY3toJATSeNwjn54LkCnKBPRzDuhzi5vSepHfUckJNxRL2gjkNrSqtCoRUrEDAgRwsQvVCjZbRyFTLRNyDmT1a1boZV00634796359, 0.00947394595, 0.999929726),BottomSurface = Enum.SurfaceType.Smooth,TopSurface = Enum.SurfaceType.Smooth,Color = Color3.new(0,0,0),})
Mesh = New("SpecialMesh",RightPoint3,"Mesh",{MeshType = Enum.MeshType.Sphere,})
RP3 = New("Motor",RightPoint3,"RP3",{Part0 = RightPoint3,Part1 = rarm,C0 = CFrame.new(0, 0, 0, -0.556202352, -0.831021726, -0.00634798082, 0.830965459, -0.556240082, 0.00947397202, -0.0114040766, -5.50785398e-06, 0.999932349),C1 = CFrame.new(-0.0968353748, -3.06106806, 0.333969116, 0.999933541, -3.70949382e-11, 0.011412913, 3.63313581e-11, 1, 6.71462261e-11, -0.011412913, -6.67270544e-11, 0.999933541),})

LeftHand = New("Model",char,"LeftHand",{})
LeftRing3 = New("Part",LeftHand,"LeftRing3",{BrickColor = BrickColor.new("Institutional white"),Size = Vector3.new(0.661484122, 0.187910721, 0.121444605),CFrame = CFrame.new(-5.87245798, 3.68893909, 39.6276245, 0.556200862, -0.830963194, 0.0114040468, -0.831021726, -0.556240082, -5.50785398e-06, 0.00634796359, -0.00947394595, -0.999929726),BottomSurface = Enum.SurfaceType.Smooth,TopSurface = Enum.SurfaceType.Smooth,Color = Color3.new(0,0,0),})
Mesh = New("SpecialMesh",LeftRing3,"Mesh",{MeshType = Enum.MeshType.Sphere,})
LR3 = New("Motor",LeftRing3,"LR3",{Part0 = LeftRing3,Part1 = larm,C0 = CFrame.new(0, 0, 0, 0.556202352, -0.831021726, 0.00634798082, -0.830965459, -0.556240082, -0.00947397202, 0.0114040766, -5.50785398e-06, -0.999932349),C1 = CFrame.new(-0.0719299316, -3.06106091, -0.128562927, 0.999933541, -3.70949382e-11, 0.011412913, 3.63313581e-11, 1, 6.71462261e-11, -0.011412913, -6.67270544e-11, 0.999933541),})
LeftThumb3 = New("Part",LeftHand,"LeftThumb3",{BrickColor = BrickColor.new("Institutional white"),Size = Vector3.new(0.506300628, 0.122097097, 0.0965319052),CFrame = CFrame.new(-5.84988785, 3.84491587, 4JUdGzvrMFDWrUUwY3toJATSeNwjn54LkCnKBPRzDuhzi5vSepHfUckJNxRL2gjkNrSqtCoRUrEDAgRwsQvVCjZbRyFTLRNyDmT1a1boZV206493899, -0.922037423),BottomSurface = Enum.SurfaceType.Smooth,TopSurface = Enum.SurfaceType.Smooth,Color = Color3.new(0,0,0),})
Mesh = New("SpecialMesh",LeftThumb3,"Mesh",{MeshType = Enum.MeshType.Sphere,})
LT3 = New("Motor",LeftThumb3,"LT3",{Part0 = LeftThumb3,Part1 = larm,C0 = CFrame.new(0, 0, 0, 0.556202531, -0.763831854, 0.327410102, -0.83096534, -0.516578019, 0.206494436, 0.0114058452, -0.386921287, -0.922039866),C1 = CFrame.new(-0.0397815704, -2.90508413, 0.71049118, 0.999933541, -3.70949382e-11, 0.011412913, 3.63313581e-11, 1, 6.71462261e-11, -0.011412913, -6.67270544e-11, 0.999933541),})
LeftThumb1 = New("Part",LeftHand,"LeftThumb1",{BrickColor = BrickColor.new("Institutional white"),Size = Vector3.new(0.691401064, 0.182097122, 0.146531895),CFrame = CFrame.new(-5.99397993, 4.36571169, 4JUdGzvrMFDWrUUwY3toJATSeNwjn54LkCnKBPRzDuhzi5vSepHfUckJNxRL2gjkNrSqtCoRUrEDAgRwsQvVCjZbRyFTLRNyDmT1a1boZV0105209723, -0.922039211),BottomSurface = Enum.SurfaceType.Smooth,TopSurface = Enum.SurfaceType.Smooth,Color = Color3.new(0,0,0),})
Mesh = New("SpecialMesh",LeftThumb1,"Mesh",{MeshType = Enum.MeshType.Sphere,})
LT1 = New("Motor",LeftThumb1,"LT1",{Part0 = LeftThumb1,Part1 = larm,C0 = CFrame.new(0, 0, 0, 0, -0.92210412, 0.386941016, -0.999932349, -0.00441493373, -0.0105210003, 0.0114097772, -0.386916876, -0.922041655),C1 = CFrame.new(-0.186520576, -2.38428831, 0.4JUdGzvrMFDWrUUwY3toJATSeNwjn54LkCnKBPRzDuhzi5vSepHfUckJNxRL2gjkNrSqtCoRUrEDAgRwsQvVCjZbRyFTLRNyDmT1a1boZV67270544e-11, 0.999933541),})
LeftThumb2 = New("Part",LeftHand,"LeftThumb2",{BrickColor = BrickColor.new("Institutional white"),Size = Vector3.new(0.506300628, 0.182097122, 0.146531895),CFrame = CFrame.new(-5.95230389, 4.08209562, 4JUdGzvrMFDWrUUwY3toJATSeNwjn54LkCnKBPRzDuhzi5vSepHfUckJNxRL2gjkNrSqtCoRUrEDAgRwsQvVCjZbRyFTLRNyDmT1a1boZV0925075412, -0.922038496),BottomSurface = Enum.SurfaceType.Smooth,TopSurface = Enum.SurfaceType.Smooth,Color = Color3.new(0,0,0),})
Mesh = New("SpecialMesh",LeftThumb2,"Mesh",{MeshType = Enum.MeshType.Sphere,})
LT2 = New("Motor",LeftThumb2,"LT2",{Part0 = LeftThumb2,Part1 = larm,C0 = CFrame.new(0, 0, 0, 0.265261352, -0.887895226, 0.375869095, -0.964106321, -0.24887003, 0.0925077796, 0.0114053339, -0.386918515, -0.922040939),C1 = CFrame.new(-0.143486023, -2.66790438, 0.598205566, 0.999933541, -3.70949382e-11, 0.011412913, 3.63313581e-11, 1, 6.71462261e-11, -0.011412913, -6.67270544e-11, 0.999933541),})
LeftRing2 = New("Part",LeftHand,"LeftRing2",{BrickColor = BrickColor.new("Institutional white"),Size = Vector3.new(0.661484122, 0.237910748, 0.191444606),CFrame = CFrame.new(-6.0183115, 4.02412987, 39.6328354, 0.265260428, -0.964103818, 0.0114074284, -0.964171648, -0.265279233, -2.93453445e-06, 0.00302898232, -0.0109979399, -0.999929607),BottomSurface = Enum.SurfaceType.Smooth,TopSurface = Enum.SurfaceType.Smooth,Color = Color3.new(0,0,0),})
Mesh = New("SpecialMesh",LeftRing2,"Mesh",{MeshType = Enum.MeshType.Sphere,})
LR2 = New("Motor",LeftRing2,"LR2",{Part0 = LeftRing2,Part1 = larm,C0 = CFrame.new(0, 0, 0, 0.265261173, -0.964171648, 0.0030289907, -0.964106381, -0.265279233, -0.0109979697, 0.0114074592, -2.93453445e-06, -0.999932289),C1 = CFrame.new(-0.217714787, -2.72587013, -0.121688843, 0.999933541, -3.70949382e-11, 0.011412913, 3.63313581e-11, 1, 6.71462261e-11, -0.011412913, -6.67270544e-11, 0.999933541),})
LeftRing1 = New("Part",LeftHand,"LeftRing1",{BrickColor = BrickColor.new("Institutional white"),Size = Vector3.new(0.903318703, 0.237910748, 0.191444606),CFrame = CFrame.new(-6.07275867, 4.4JUdGzvrMFDWrUUwY3toJATSeNwjn54LkCnKBPRzDuhzi5vSepHfUckJNxRL2gjkNrSqtCoRUrEDAgRwsQvVCjZbRyFTLRNyDmT1a1boZV85722573e-16, -0.01140894, -0.999929726),BottomSurface = Enum.SurfaceType.Smooth,TopSurface = Enum.SurfaceType.Smooth,Color = Color3.new(0,0,0),})
Mesh = New("SpecialMesh",LeftRing1,"Mesh",{MeshType = Enum.MeshType.Sphere,})
LR1 = New("Motor",LeftRing1,"LR1",{Part0 = LeftRing1,Part1 = larm,C0 = CFrame.new(0, 0, 0, -4.36662425e-16, -1, -2.4JUdGzvrMFDWrUUwY3toJATSeNwjn54LkCnKBPRzDuhzi5vSepHfUckJNxRL2gjkNrSqtCoRUrEDAgRwsQvVCjZbRyFTLRNyDmT1a1boZV = CFrame.new(-0.272161484, -2.32390022, -0.121353149, 0.999933541, -3.70949382e-11, 0.011412913, 3.63313581e-11, 1, 6.71462261e-11, -0.011412913, -6.67270544e-11, 0.999933541),})
LeftSmall1 = New("Part",LeftHand,"LeftSmall1",{BrickColor = BrickColor.new("Institutional white"),Size = Vector3.new(0.672941983, 0.177235484, 0.142619774),CFrame = CFrame.new(-6.03272295, 4.4JUdGzvrMFDWrUUwY3toJATSeNwjn54LkCnKBPRzDuhzi5vSepHfUckJNxRL2gjkNrSqtCoRUrEDAgRwsQvVCjZbRyFTLRNyDmT1a1boZV85722573e-16, -0.01140894, -0.999929726),BottomSurface = Enum.SurfaceType.Smooth,TopSurface = Enum.SurfaceType.Smooth,Color = Color3.new(0,0,0),})
Mesh = New("SpecialMesh",LeftSmall1,"Mesh",{MeshType = Enum.MeshType.Sphere,})
LS1 = New("Motor",LeftSmall1,"LS1",{Part0 = LeftSmall1,Part1 = larm,C0 = CFrame.new(0, 0, 0, -4.36662425e-16, -1, -2.4JUdGzvrMFDWrUUwY3toJATSeNwjn54LkCnKBPRzDuhzi5vSepHfUckJNxRL2gjkNrSqtCoRUrEDAgRwsQvVCjZbRyFTLRNyDmT1a1boZV = CFrame.new(-0.235113621, -2.33201981, -0.383338928, 0.999933541, -3.70949382e-11, 0.011412913, 3.63313581e-11, 1, 6.71462261e-11, -0.011412913, -6.67270544e-11, 0.999933541),})
LeftMiddle3 = New("Part",LeftHand,"LeftMiddle3",{BrickColor = BrickColor.new("Institutional white"),Size = Vector3.new(0.661484122, 0.187910721, 0.121444605),CFrame = CFrame.new(-5.8724575, 3.68893909, 39.8385582, 0.556200862, -0.830963194, 0.0114040468, -0.831021726, -0.556240082, -5.50785398e-06, 0.00634796359, -0.00947394595, -0.999929726),BottomSurface = Enum.SurfaceType.Smooth,TopSurface = Enum.SurfaceType.Smooth,Color = Color3.new(0,0,0),})
Mesh = New("SpecialMesh",LeftMiddle3,"Mesh",{MeshType = Enum.MeshType.Sphere,})
LM3 = New("Motor",LeftMiddle3,"LM3",{Part0 = LeftMiddle3,Part1 = larm,C0 = CFrame.new(0, 0, 0, 0.556202352, -0.831021726, 0.00634798082, -0.830965459, -0.556240082, -0.00947397202, 0.0114040766, -5.50785398e-06, -0.999932349),C1 = CFrame.new(-0.0695223808, -3.06106091, 0.0823554993, 0.999933541, -3.70949382e-11, 0.011412913, 3.63313581e-11, 1, 6.71462261e-11, -0.011412913, -6.67270544e-11, 0.999933541),})
LeftSmall3 = New("Part",LeftHand,"LeftSmall3",{BrickColor = BrickColor.new("Institutional white"),Size = Vector3.new(0.4JUdGzvrMFDWrUUwY3toJATSeNwjn54LkCnKBPRzDuhzi5vSepHfUckJNxRL2gjkNrSqtCoRUrEDAgRwsQvVCjZbRyFTLRNyDmT1a1boZV830963194, 0.0114040468, -0.831021726, -0.556240082, -5.50785398e-06, 0.00634796359, -0.00947394595, -0.999929726),BottomSurface = Enum.SurfaceType.Smooth,TopSurface = Enum.SurfaceType.Smooth,Color = Color3.new(0,0,0),})
Mesh = New("SpecialMesh",LeftSmall3,"Mesh",{MeshType = Enum.MeshType.Sphere,})
LS3 = New("Motor",LeftSmall3,"LS3",{Part0 = LeftSmall3,Part1 = larm,C0 = CFrame.new(0, 0, 0, 0.556202352, -0.831021726, 0.00634798082, -0.830965459, -0.556240082, -0.00947397202, 0.0114040766, -5.50785398e-06, -0.999932349),C1 = CFrame.new(-0.0859460831, -2.88117909, -0.388706207, 0.999933541, -3.70949382e-11, 0.011412913, 3.63313581e-11, 1, 6.71462261e-11, -0.011412913, -6.67270544e-11, 0.999933541),})
